-11 -42
-11 -40
-12 -39
-12 -38
-13 -37
-13 -36
-14 -35
-14 -33
-15 -32
-15 -31
-16 -30
-16 -29
-17 -28
-17 -26
-18 -25
-18 -24
-19 -23
-19 -22
-20 -21
-20 -19
-21 -18
-21 -17
-22 -16
-22 -15
-23 -14
-23 -12
-24 -11
-24 -10
-25 -9
-25 -8
-26 -7
-26 -5
-27 -4
-27 -3
-28 -2
-28 -1
-29 0
-29 4
-19 4
-18 3
-12 3
-11 4
-11 5
-12 6
-12 8
-13 9
-13 11
-14 12
-14 15
-15 16
-15 18
-16 19
-16 22
-17 23
-17 25
-18 26
-18 29
-19 30
-19 32
-20 33
-20 35
-21 36
-21 39
-22 40
-22 42
-23 43
-23 47
-21 47
-17 43
-17 42
-8 33
-8 32
0 24
0 23
8 15
8 14
16 6
16 5
24 -3
24 -4
29 -9
29 -11
7 -11
6 -12
34 -40
34 -42
