-15 -248
-16 -247
-22 -247
-23 -246
-27 -246
-28 -245
-31 -245
-32 -244
-34 -244
-35 -243
-37 -243
-38 -242
-40 -242
-41 -241
-43 -241
-44 -240
-45 -240
-46 -239
-48 -239
-49 -238
-50 -238
-51 -237
-52 -237
-53 -236
-54 -236
-56 -234
-57 -234
-58 -233
-59 -233
-61 -231
-62 -231
-64 -229
-65 -229
-67 -227
-68 -227
-72 -223
-73 -223
-81 -215
-81 -214
-82 -213
-83 -213
-83 -212
-86 -209
-86 -208
-89 -205
-89 -204
-91 -202
-91 -201
-93 -199
-93 -198
-94 -197
-94 -196
-95 -195
-95 -194
-96 -193
-96 -192
-97 -191
-97 -190
-98 -189
-99 -189
-98 -188
-99 -187
-99 -186
-100 -185
-100 -184
-101 -183
-101 -181
-102 -180
-102 -178
-103 -177
-103 -176
-104 -175
-104 -172
-105 -171
-105 -168
-106 -167
-106 -163
-107 -162
-107 -156
-108 -155
-108 -148
-109 -147
-108 -146
-108 -134
-109 -133
-108 -132
-108 -131
-107 -130
-107 -126
-106 -125
-106 -124
-105 -123
-105 -122
-106 -121
-105 -121
-104 -120
-105 -119
-104 -119
-103 -118
-104 -117
-103 -117
-102 -116
-102 -115
-101 -114
-101 -113
-100 -113
-99 -112
-99 -111
-90 -102
-90 -101
-89 -101
-87 -99
-85 -99
-84 -98
-83 -98
-82 -97
-83 -96
-91 -96
-92 -95
-97 -95
-98 -94
-101 -94
-102 -93
-104 -93
-105 -92
-106 -92
-109 -89
-110 -89
-110 -88
-111 -87
-112 -87
-111 -86
-112 -85
-112 -84
-113 -83
-113 -80
-114 -79
-113 -78
-114 -77
-114 -74
-115 -73
-114 -72
-114 -70
-115 -69
-114 -68
-114 -64
-116 -62
-118 -62
-119 -61
-121 -61
-122 -60
-123 -60
-124 -59
-125 -59
-126 -58
-127 -58
-129 -56
-130 -56
-134 -52
-134 -51
-136 -49
-136 -48
-137 -47
-137 -45
-138 -44
-138 -22
-139 -21
-138 -20
-138 -4
-137 -3
-137 6
-136 7
-136 15
-135 16
-135 23
-134 24
-134 28
-133 29
-133 34
-132 35
-132 39
-131 40
-131 42
-132 43
-131 43
-130 44
-130 48
-129 49
-129 52
-128 53
-128 56
-127 57
-127 60
-126 61
-126 64
-125 65
-125 67
-124 68
-124 71
-123 72
-123 74
-122 75
-122 78
-121 79
-121 81
-120 82
-120 85
-119 86
-120 87
-118 89
-118 90
-117 91
-117 92
-118 93
-117 93
-116 94
-116 96
-115 97
-115 99
-114 100
-115 101
-113 103
-113 105
-111 107
-111 109
-109 111
-109 112
-108 113
-108 115
-107 115
-106 116
-106 117
-105 118
-105 119
-103 121
-103 122
-100 125
-100 127
-99 127
-97 129
-97 130
-96 130
-93 133
-92 133
-91 134
-91 135
-88 135
-87 136
-86 136
-85 135
-84 136
-83 136
-84 135
-81 132
-81 130
-80 129
-79 129
-78 130
-79 131
-78 131
-77 132
-77 133
-76 134
-77 135
-76 135
-75 136
-75 139
-74 139
-72 141
-72 142
-73 143
-72 143
-69 146
-69 147
-67 149
-67 150
-65 152
-65 153
-64 154
-64 155
-63 155
-62 156
-62 157
-61 158
