-3 -18
-2 -17
-3 -16
-4 -16
-5 -17
-4 -16
-4 -15
-5 -14
-6 -15
-7 -14
-6 -13
-6 -11
-7 -10
-8 -10
-9 -11
-8 -12
-9 -11
-11 -11
-12 -12
-13 -11
-12 -10
-12 -4
-13 -3
-14 -3
-15 -2
-14 -1
-15 0
-13 -2
-12 -2
-11 -3
-12 -4
-12 -10
-11 -11
-9 -11
-8 -10
-7 -10
-6 -11
-6 -13
-1 -18
0 -18
6 -12
5 -11
6 -10
8 -10
9 -11
11 -11
13 -9
13 -4
12 -3
14 -1
13 -2
14 -3
13 -4
13 -11
12 -12
11 -11
9 -11
8 -12
9 -11
8 -10
6 -10
5 -11
6 -12
6 -14
5 -15
4 -14
3 -15
3 -16
4 -17
3 -16
2 -16
1 -17
2 -18
1 -17
0 -18
-1 -18
-2 -17
