-110 -204
-110 -203
-113 -200
-113 -199
-115 -197
-115 -196
-118 -193
-118 -192
-119 -191
-119 -190
-120 -189
-120 -188
-121 -187
-121 -186
-122 -185
-122 -183
-123 -182
-123 -181
-124 -180
-124 -179
-125 -178
-125 -176
-126 -175
-126 -172
-127 -171
-127 -169
-128 -168
-128 -166
-129 -165
-129 -162
-130 -161
-130 -158
-131 -157
-131 -155
-132 -154
-132 -152
-133 -151
-133 -149
-134 -148
-134 -145
-135 -144
-135 -141
-136 -140
-136 -133
-137 -132
-137 -127
-138 -126
-138 -118
-139 -117
-139 -110
-140 -109
-140 -97
-141 -96
-141 -89
-142 -88
-142 -86
-147 -81
-147 -80
-149 -78
-149 -77
-152 -74
-152 -73
-156 -69
-156 -68
-157 -67
-157 -66
-158 -65
-158 -63
-160 -61
-160 -60
-162 -58
-162 -55
-164 -53
-164 -52
-165 -51
-165 -50
-166 -49
-166 -48
-167 -47
-167 -44
-168 -43
-168 -42
-169 -41
-169 -39
-170 -38
-170 -36
-171 -35
-171 -32
-172 -31
-172 -29
-173 -28
-173 -24
-174 -23
-174 -21
-175 -20
-175 -14
-176 -13
-176 -8
-177 -7
-177 1
-178 2
-178 6
-177 7
-178 8
-178 17
-177 18
-177 26
-178 27
-198 27
-199 28
-202 28
-203 29
-205 29
-206 30
-207 30
-208 31
-209 31
-212 34
-213 34
-213 35
-215 37
-215 44
-212 47
-212 48
-209 51
-209 52
-204 57
-203 57
-195 65
-194 65
-192 67
-191 67
-188 70
-187 70
-186 71
-185 71
-184 72
-183 72
-182 73
-181 73
-180 74
-179 74
-178 75
-177 75
-176 76
-175 76
-174 77
-173 77
-172 78
-171 78
-170 79
-168 79
-167 80
-163 80
-162 81
-162 82
-161 83
-161 84
-160 85
-160 86
-159 87
-159 88
-157 90
-157 92
-156 93
-156 94
-154 96
-154 97
-152 99
-152 100
-149 103
-149 104
-147 106
-147 107
-141 113
-141 114
-133 122
-133 123
-129 127
-128 127
-127 128
-129 130
-131 130
-132 131
-133 131
-134 132
-135 132
-136 133
-138 133
-139 134
-140 134
-141 135
-142 135
-143 136
-144 136
-145 137
-146 137
-147 138
-148 138
-150 140
-151 140
-154 143
-155 143
-160 148
-161 148
-162 149
-162 150
-167 155
-167 157
-169 159
-169 161
-170 162
-170 171
-169 172
-169 173
-167 175
-167 176
-166 176
-164 178
-162 178
-161 179
-160 179
-159 180
-157 180
-156 181
-151 181
-150 182
-126 182
-125 181
-123 181
-122 180
-119 180
-118 179
-114 179
-113 178
-110 178
-109 177
-106 177
-105 176
-103 176
-102 175
-100 175
-99 174
-98 174
-96 172
-95 172
-94 171
-93 171
-91 169
-90 169
-88 167
-87 167
-80 160
-79 160
-78 161
-77 161
-76 162
-74 162
-73 163
-72 163
-71 164
-70 164
-69 165
-67 165
-66 166
-63 166
-62 167
-59 167
-58 168
-56 168
-55 169
-52 169
-51 170
-49 170
-48 171
-45 171
-44 172
-41 172
-40 173
-36 173
-35 174
-19 174
-18 175
-10 175
-9 174
-2 174
-1 173
5 173
6 172
9 172
19 182
20 182
23 185
24 185
26 187
27 187
29 189
30 189
31 190
32 190
33 191
34 191
36 193
37 193
38 194
39 194
40 195
41 195
42 196
43 196
44 197
46 197
47 198
50 198
51 199
54 199
55 200
57 200
58 201
62 201
63 202
63 203
83 203
83 202
84 201
86 201
87 200
88 200
89 199
90 199
91 198
92 198
95 195
95 194
96 193
96 192
97 191
97 185
96 184
96 182
95 181
95 180
92 177
92 176
90 174
90 173
88 171
88 170
84 166
84 165
77 158
76 158
75 157
74 157
72 155
73 154
73 153
74 152
74 151
76 149
76 147
77 146
77 145
78 144
78 143
79 142
80 142
83 139
84 139
84 138
85 137
86 137
91 132
92 132
93 131
93 130
99 124
100 124
100 123
101 122
102 122
103 121
103 120
111 112
111 111
112 110
113 110
115 108
115 107
117 105
117 104
120 101
120 100
122 98
122 97
123 96
123 95
124 94
124 93
125 92
126 92
126 90
127 89
127 88
128 87
128 85
129 84
129 83
130 82
130 80
131 79
131 78
133 76
133 74
134 73
134 72
135 71
135 70
136 69
136 68
137 67
137 63
138 62
138 60
139 59
139 57
140 56
140 55
141 54
141 49
142 48
142 47
143 46
143 44
144 43
144 34
145 33
145 28
146 27
146 26
148 24
149 24
151 22
152 22
153 21
154 21
155 20
156 20
159 17
160 17
162 15
163 15
175 3
176 3
184 -5
184 -6
190 -12
190 -13
193 -16
193 -17
195 -19
195 -20
197 -22
197 -23
198 -24
198 -25
199 -26
199 -27
201 -29
201 -30
203 -32
203 -33
205 -35
205 -36
206 -37
206 -39
207 -40
207 -41
208 -42
208 -43
210 -45
210 -47
212 -49
212 -51
215 -54
215 -62
212 -65
211 -65
208 -68
207 -68
206 -69
205 -69
203 -71
202 -71
201 -72
200 -72
199 -73
198 -73
197 -74
196 -74
195 -75
193 -75
192 -76
190 -76
188 -78
187 -78
186 -79
183 -79
182 -80
181 -80
180 -81
178 -81
177 -82
175 -82
174 -83
171 -83
170 -84
167 -84
166 -85
163 -85
162 -86
160 -86
159 -87
157 -87
156 -88
152 -88
151 -89
146 -89
145 -90
135 -90
134 -91
128 -91
127 -92
107 -92
105 -94
104 -94
97 -101
96 -101
94 -103
94 -105
92 -107
92 -110
91 -111
91 -114
90 -115
90 -117
89 -118
89 -120
88 -121
88 -123
83 -128
83 -129
82 -130
82 -131
81 -132
81 -133
79 -135
79 -136
77 -138
76 -138
67 -147
66 -147
63 -150
62 -150
61 -151
60 -151
58 -153
57 -153
56 -154
55 -154
54 -155
52 -155
51 -156
50 -156
49 -157
47 -157
46 -158
43 -158
42 -159
38 -159
37 -160
28 -160
27 -159
15 -159
14 -158
8 -158
7 -157
6 -157
5 -156
0 -156
-1 -155
-2 -155
-3 -154
-4 -154
-5 -153
-7 -153
-8 -152
-9 -152
-10 -151
-13 -151
-14 -150
-16 -150
-18 -148
-20 -148
-21 -149
-22 -149
-24 -151
-25 -151
-26 -152
-26 -153
-28 -155
-28 -156
-40 -168
-41 -168
-46 -173
-47 -173
-49 -175
-50 -175
-52 -177
-53 -177
-57 -181
-58 -181
-60 -183
-61 -183
-63 -185
-64 -185
-65 -186
-66 -186
-68 -188
-69 -188
-70 -189
-71 -189
-72 -190
-73 -190
-74 -191
-75 -191
-76 -192
-77 -192
-79 -194
-80 -194
-81 -195
-82 -195
-83 -196
-84 -196
-85 -197
-86 -197
-87 -198
-89 -198
-90 -199
-91 -199
-92 -200
-94 -200
-95 -201
-97 -201
-98 -202
-102 -202
-104 -204
