-235 -223
-235 -194
-229 -194
-228 -193
-228 -187
-229 -186
-235 -186
-235 -180
-229 -180
-228 -179
-228 -172
-229 -171
-235 -171
-235 -150
-229 -150
-228 -149
-228 -128
-221 -128
-220 -127
-220 -106
-221 -105
-228 -105
-228 -99
-221 -99
-220 -98
-220 -77
-206 -77
-205 -76
-205 -69
-199 -69
-198 -68
-198 -62
-177 -62
-177 -76
-176 -77
-155 -77
-154 -76
-154 -47
-155 -46
-169 -46
-169 -40
-170 -39
-191 -39
-191 -33
-192 -32
-205 -32
-205 -25
-206 -24
-213 -24
-213 -18
-214 -17
-220 -17
-220 -11
-221 -10
-228 -10
-228 -3
-229 -2
-235 -2
-235 4
-236 5
-242 5
-242 19
-243 20
-250 20
-250 41
-251 42
-257 42
-257 136
-251 136
-250 137
-250 151
-243 151
-242 152
-242 166
-236 166
-235 167
-235 181
-229 181
-228 182
-228 188
-221 188
-220 189
-220 195
-206 195
-205 196
-205 203
-199 203
-198 204
-198 210
-184 210
-183 211
-183 217
-170 217
-169 218
-169 225
-111 225
-111 218
-110 217
-96 217
-96 211
-95 210
-81 210
-81 204
-80 203
-67 203
-67 196
-66 195
-59 195
-59 189
-58 188
-52 188
-52 182
-51 181
-45 181
-45 167
-44 166
-37 166
-37 152
-36 151
-30 151
-30 130
-29 129
-23 129
-23 71
-22 70
14 70
15 71
15 136
22 136
23 137
23 151
29 151
30 152
30 166
36 166
37 167
37 181
44 181
45 182
45 188
51 188
52 189
52 195
66 195
67 196
67 203
73 203
74 204
74 210
88 210
89 211
89 217
102 217
103 218
103 225
161 225
161 218
162 217
176 217
176 211
177 210
191 210
191 204
192 203
205 203
205 196
206 195
213 195
213 189
214 188
220 188
220 182
221 181
227 181
227 167
228 166
235 166
235 152
236 151
242 151
242 130
243 129
250 129
250 42
243 42
242 41
242 20
236 20
235 19
235 5
228 5
227 4
227 -2
221 -2
220 -3
220 -10
214 -10
213 -11
213 -17
206 -17
205 -18
205 -24
199 -24
198 -25
198 -32
184 -32
183 -33
183 -39
162 -39
161 -40
161 -46
162 -47
176 -47
176 -54
177 -55
191 -55
191 -68
192 -69
198 -69
198 -83
199 -84
205 -84
205 -135
199 -135
198 -136
198 -149
192 -149
191 -150
191 -157
184 -157
183 -158
183 -164
177 -164
176 -165
176 -171
162 -171
161 -172
161 -179
155 -179
154 -180
154 -186
133 -186
132 -187
133 -188
133 -191
132 -192
132 -193
23 -193
22 -194
22 -201
15 -201
14 -202
14 -208
8 -208
7 -209
7 -216
-80 -216
-80 -209
-81 -208
-95 -208
-95 -202
-96 -201
-102 -201
-103 -202
-103 -208
-198 -208
-198 -202
-199 -201
-213 -201
-214 -202
-214 -208
-220 -208
-221 -209
-221 -216
-228 -216
-229 -217
-229 -223
