196 -311
194 -309
194 -308
193 -307
193 -306
192 -305
192 -304
191 -303
191 -302
189 -300
189 -299
185 -295
185 -294
180 -289
180 -288
175 -283
174 -283
171 -280
170 -280
168 -278
167 -278
166 -277
165 -277
164 -276
163 -276
162 -275
161 -275
160 -274
158 -274
157 -273
155 -273
154 -272
153 -272
152 -271
150 -271
149 -270
147 -270
146 -269
144 -269
143 -268
141 -268
140 -267
137 -267
136 -266
132 -266
131 -265
126 -265
125 -264
119 -264
118 -263
113 -263
112 -262
106 -262
105 -261
91 -261
90 -260
69 -260
68 -259
46 -259
45 -258
31 -258
30 -257
20 -257
19 -256
13 -256
12 -255
7 -255
6 -254
1 -254
0 -253
-5 -253
-6 -252
-10 -252
-11 -251
-15 -251
-16 -250
-19 -250
-20 -249
-24 -249
-25 -248
-28 -248
-29 -247
-31 -247
-32 -246
-35 -246
-36 -245
-38 -245
-39 -244
-41 -244
-42 -243
-44 -243
-45 -242
-47 -242
-48 -241
-49 -241
-50 -240
-52 -240
-53 -239
-54 -239
-55 -238
-56 -238
-57 -237
-58 -237
-59 -236
-60 -236
-61 -235
-62 -235
-64 -233
-65 -233
-66 -232
-67 -232
-68 -231
-69 -231
-70 -230
-71 -230
-73 -228
-74 -228
-78 -224
-79 -224
-91 -212
-91 -211
-94 -208
-94 -207
-97 -204
-97 -203
-98 -202
-98 -201
-99 -200
-99 -199
-100 -198
-100 -197
-101 -196
-101 -195
-102 -194
-102 -192
-103 -191
-103 -188
-104 -187
-104 -183
-105 -182
-105 -175
-104 -174
-105 -173
-119 -173
-120 -174
-153 -174
-154 -173
-173 -173
-174 -172
-182 -172
-183 -171
-188 -171
-189 -170
-193 -170
-194 -169
-195 -169
-196 -170
-197 -170
-198 -171
-199 -171
-201 -173
-202 -173
-203 -174
-205 -174
-206 -175
-207 -175
-208 -176
-209 -176
-210 -177
-211 -177
-212 -178
-214 -178
-215 -179
-216 -179
-217 -180
-218 -180
-219 -181
-220 -181
-221 -182
-223 -182
-224 -183
-226 -183
-227 -184
-229 -184
-230 -185
-233 -185
-234 -186
-237 -186
-238 -187
-247 -187
-248 -188
-259 -188
-260 -187
-264 -187
-269 -182
-269 -181
-273 -177
-273 -176
-275 -174
-275 -173
-277 -171
-277 -170
-278 -169
-278 -168
-280 -166
-280 -165
-281 -164
-281 -163
-282 -162
-282 -160
-283 -159
-283 -158
-284 -157
-284 -156
-285 -155
-285 -153
-286 -152
-286 -150
-287 -149
-287 -148
-288 -147
-288 -145
-289 -144
-289 -141
-290 -140
-290 -138
-291 -137
-291 -134
-292 -133
-292 -130
-293 -129
-293 -126
-294 -125
-294 -123
-295 -122
-295 -118
-296 -117
-296 -109
-304 -101
-304 -100
-308 -96
-308 -95
-311 -92
-311 -91
-313 -89
-313 -88
-315 -86
-315 -85
-317 -83
-317 -82
-318 -81
-318 -80
-320 -78
-320 -77
-321 -76
-321 -75
-322 -74
-322 -73
-323 -72
-323 -71
-325 -69
-325 -68
-326 -67
-326 -66
-327 -65
-327 -64
-328 -63
-328 -62
-329 -61
-329 -60
-330 -59
-330 -58
-331 -57
-331 -56
-332 -55
-332 -54
-333 -53
-333 -51
-334 -50
-334 -48
-335 -47
-335 -45
-336 -44
-336 -42
-337 -41
-337 -39
-338 -38
-338 -36
-339 -35
-339 -33
-340 -32
-340 -29
-341 -28
-341 -24
-342 -23
-342 -20
-343 -19
-343 -16
-344 -15
-344 -11
-345 -10
-345 -6
-346 -5
-346 -2
-347 -1
-347 3
-348 4
-348 7
-349 8
-349 11
-350 12
-350 14
-351 15
-351 17
-352 18
-352 20
-353 21
-353 23
-354 24
-354 27
-355 28
-355 30
-356 31
-356 34
-357 35
-357 39
-358 40
-358 46
-359 47
-359 68
-358 69
-358 72
-357 73
-357 76
-356 77
-356 79
-355 80
-355 81
-354 82
-354 83
-352 85
-352 86
-350 88
-350 89
-336 103
-335 103
-330 108
-329 108
-327 110
-326 110
-323 113
-322 113
-320 115
-319 115
-317 117
-316 117
-314 119
-313 119
-311 121
-310 121
-309 122
-308 122
-306 124
-305 124
-304 125
-303 125
-301 127
-300 127
-299 128
-298 128
-296 130
-295 130
-294 131
-293 131
-292 132
-291 132
-290 133
-289 133
-288 134
-287 134
-286 135
-285 135
-284 136
-283 136
-281 138
-280 138
-279 139
-278 139
-277 140
-276 140
-275 141
-274 141
-272 143
-272 162
-271 163
-271 174
-270 175
-270 181
-269 182
-269 186
-268 187
-268 191
-267 192
-267 196
-266 197
-266 201
-265 202
-265 204
-264 205
-264 207
-263 208
-263 210
-262 211
-262 213
-261 214
-261 216
-260 217
-260 219
-259 220
-259 221
-258 222
-258 224
-257 225
-257 227
-256 228
-256 230
-255 231
-255 232
-254 233
-254 235
-253 236
-253 237
-252 238
-252 239
-251 240
-251 241
-250 242
-250 243
-249 244
-249 246
-247 248
-247 250
-246 251
-246 252
-244 254
-244 255
-243 256
-243 257
-242 258
-242 259
-241 260
-241 261
-240 262
-240 263
-238 265
-238 266
-237 267
-237 268
-235 270
-235 271
-234 272
-234 273
-233 274
-233 275
-234 276
-234 277
-235 278
-235 279
-236 280
-236 281
-237 282
-237 283
-238 284
-238 285
-239 286
-239 288
-240 289
-240 298
-238 300
-233 300
-232 299
-231 299
-230 298
-229 298
-228 299
-228 305
-227 306
-222 306
-221 305
-220 305
-219 304
-217 304
-216 303
-215 303
-214 302
-212 302
-211 301
-210 301
-209 300
-207 300
-206 299
-204 299
-203 300
-198 300
-197 301
-194 301
-193 302
-193 305
-191 307
-185 307
-184 306
-183 306
-182 305
-181 305
-180 304
-178 304
-177 303
-176 303
-175 302
-164 302
-163 301
-160 301
-159 300
-157 300
-156 299
-155 299
-154 298
-153 298
-152 297
-151 297
-149 295
-148 295
-147 294
-146 294
-144 292
-143 292
-131 280
-131 279
-124 272
-124 271
-119 266
-119 265
-115 261
-115 260
-111 256
-111 255
-109 253
-109 252
-107 250
-107 249
-104 246
-104 245
-102 243
-102 242
-99 239
-99 238
-97 236
-97 235
-95 233
-95 232
-92 229
-90 229
-89 230
-86 230
-85 231
-83 231
-82 232
-80 232
-79 233
-77 233
-76 234
-74 234
-73 235
-71 235
-70 236
-67 236
-64 239
-64 241
-63 242
-63 243
-62 244
-62 245
-61 246
-61 247
-59 249
-59 250
-57 252
-57 253
-55 255
-55 256
-53 258
-53 259
-48 264
-48 265
-49 266
-49 268
-50 269
-50 274
-49 275
-49 276
-48 276
-47 277
-35 277
-34 276
-32 276
-31 275
-26 275
-25 276
-25 282
-26 283
-26 287
-28 289
-28 290
-30 292
-30 293
-31 294
-31 295
-32 296
-32 297
-33 298
-33 299
-34 300
-34 301
-35 302
-35 304
-36 305
-36 307
-35 308
-35 310
-34 311
-33 311
-32 312
-26 312
-25 311
-21 311
-20 310
-17 310
-16 309
-13 309
-12 310
-11 310
-10 311
-8 311
-7 312
-5 312
-4 313
0 313
3 316
3 318
4 319
4 320
6 322
6 323
12 329
17 329
26 320
26 319
29 316
36 316
37 317
40 317
41 318
42 318
46 322
47 322
50 325
51 325
52 326
56 326
57 325
57 324
63 318
63 317
66 314
69 314
70 313
71 313
72 312
74 312
75 311
77 311
78 310
79 310
80 309
81 309
85 305
86 305
110 281
110 280
117 273
117 272
119 270
119 269
123 265
123 264
126 261
126 260
128 258
128 257
130 255
130 254
132 252
132 251
134 249
134 248
136 246
136 245
138 243
138 242
141 239
141 238
143 236
143 235
146 232
147 233
147 240
148 241
148 245
149 246
149 249
150 250
150 253
151 254
151 257
152 258
152 260
153 261
153 262
154 263
154 265
155 266
155 267
156 268
156 270
157 271
157 272
159 274
159 275
160 276
160 277
164 281
164 282
168 286
168 287
170 289
169 290
169 291
168 292
168 297
169 298
169 299
170 299
171 300
181 300
182 299
185 299
186 300
189 300
190 301
197 301
198 302
198 306
201 309
210 309
211 308
213 308
214 307
215 307
216 306
218 306
220 304
225 304
226 305
244 305
246 307
247 307
249 309
250 309
251 310
255 310
259 306
261 306
262 305
263 305
264 304
265 304
266 303
267 303
268 302
269 302
273 298
274 298
276 296
276 295
285 286
285 285
288 282
288 281
291 278
291 277
293 275
293 274
295 272
295 271
297 269
297 268
298 267
298 266
299 265
299 263
300 262
300 261
301 260
301 259
302 258
302 256
303 255
303 254
304 253
304 252
305 251
305 249
306 248
306 246
307 245
307 242
308 241
308 239
309 238
309 235
310 234
310 230
311 229
311 226
312 225
312 220
313 219
313 213
314 212
314 206
315 205
315 180
314 179
314 171
313 170
313 164
312 163
312 158
311 157
311 154
310 153
310 150
309 149
309 146
308 145
308 142
307 141
307 140
306 139
306 137
305 136
305 134
304 133
304 132
303 131
303 129
302 128
302 126
301 125
301 123
300 122
300 121
299 120
299 118
298 117
298 116
297 115
297 114
296 113
296 112
295 111
295 110
294 109
294 108
293 107
293 106
292 105
292 104
290 102
290 101
291 100
294 100
295 99
299 99
300 98
302 98
303 97
305 97
306 96
308 96
309 95
310 95
311 94
312 94
313 93
314 93
315 92
316 92
317 91
318 91
319 90
320 90
321 89
322 89
324 87
325 87
326 86
327 86
339 74
339 73
341 71
341 70
343 68
343 67
345 65
345 64
347 62
347 61
348 60
348 59
350 57
350 56
351 55
351 54
352 53
352 52
353 51
353 50
354 49
354 48
355 47
355 45
356 44
356 42
357 41
357 38
358 37
358 34
359 33
359 29
360 28
360 21
361 20
361 3
360 2
360 -7
359 -8
359 -13
358 -14
358 -18
357 -19
357 -22
356 -23
356 -25
355 -26
355 -29
354 -30
354 -32
353 -33
353 -35
352 -36
352 -38
351 -39
351 -41
350 -42
350 -44
349 -45
349 -46
348 -47
348 -48
347 -49
347 -51
346 -52
346 -53
345 -54
345 -55
344 -56
344 -57
343 -58
343 -60
342 -61
342 -62
341 -63
341 -64
340 -65
340 -66
339 -67
339 -68
337 -70
337 -71
336 -72
336 -73
335 -74
335 -75
334 -76
334 -77
333 -78
333 -79
331 -81
331 -82
330 -83
330 -84
328 -86
328 -87
327 -88
327 -89
326 -90
326 -91
325 -92
325 -93
324 -94
324 -95
323 -96
323 -97
321 -99
321 -100
320 -101
320 -102
319 -103
319 -104
318 -105
318 -106
317 -107
317 -108
316 -109
316 -110
314 -112
314 -113
313 -114
313 -115
312 -116
312 -117
311 -118
311 -119
310 -120
310 -121
309 -122
309 -123
308 -124
308 -125
307 -126
307 -127
306 -128
306 -129
305 -130
305 -131
304 -132
304 -133
303 -134
303 -136
302 -137
302 -138
301 -139
301 -140
300 -141
300 -142
299 -143
299 -144
298 -145
298 -146
297 -147
297 -148
296 -149
296 -150
295 -151
295 -152
294 -153
294 -154
293 -155
293 -156
292 -157
292 -158
291 -159
291 -160
290 -161
290 -162
289 -163
289 -165
288 -166
288 -167
287 -168
287 -169
286 -170
286 -172
285 -173
285 -175
284 -176
284 -177
283 -178
283 -180
282 -181
282 -183
281 -184
281 -186
280 -187
280 -190
279 -191
279 -194
278 -195
278 -200
277 -201
277 -224
278 -225
278 -229
279 -230
279 -233
280 -234
280 -237
281 -238
281 -240
282 -241
282 -242
283 -243
283 -244
285 -246
285 -247
286 -248
286 -249
289 -252
289 -253
290 -254
290 -255
291 -256
291 -257
292 -258
292 -264
291 -265
291 -266
286 -271
285 -271
284 -272
273 -272
272 -271
269 -271
268 -270
265 -270
264 -269
262 -269
261 -270
260 -269
