-125 -204
-126 -203
-127 -203
-128 -202
-131 -202
-134 -199
-134 -194
-130 -194
-129 -193
-129 -192
-128 -191
-128 -188
-127 -187
-127 -181
-126 -180
-126 -174
-125 -173
-125 -167
-124 -166
-124 -160
-123 -159
-123 -155
-122 -154
-122 -146
-124 -144
-124 -140
-125 -139
-126 -139
-126 -138
-130 -134
-130 -133
-134 -129
-134 -128
-135 -127
-135 -125
-134 -124
-133 -124
-132 -123
-132 -122
-133 -121
-133 -120
-134 -119
-134 -117
-133 -116
-133 -113
-132 -112
-132 -110
-131 -109
-131 -107
-130 -106
-130 -105
-129 -104
-129 -99
-128 -98
-128 -97
-126 -95
-126 -90
-125 -89
-125 -83
-123 -81
-123 -79
-122 -78
-122 -73
-121 -72
-121 -70
-120 -69
-120 -68
-119 -67
-119 -66
-118 -65
-118 -59
-116 -57
-116 -56
-115 -55
-115 -52
-114 -51
-114 -48
-113 -47
-113 -44
-112 -43
-112 -41
-111 -40
-111 -38
-110 -37
-110 -35
-109 -34
-109 -31
-108 -30
-108 -28
-107 -27
-107 -25
-106 -24
-106 -22
-105 -21
-105 -19
-104 -18
-104 -16
-103 -15
-103 -12
-102 -11
-102 -5
-103 -4
-103 -2
-105 0
-107 0
-107 1
-109 3
-109 4
-110 5
-110 6
-112 8
-112 9
-113 10
-113 11
-114 12
-113 13
-113 15
-114 16
-115 16
-116 17
-117 17
-120 20
-120 21
-122 23
-122 26
-124 28
-124 29
-126 31
-126 32
-127 33
-127 35
-128 36
-128 42
-127 43
-127 44
-126 44
-125 45
-126 46
-126 47
-127 48
-127 49
-128 50
-128 51
-129 52
-129 53
-130 54
-130 55
-131 56
-131 57
-132 58
-132 59
-133 60
-133 61
-134 62
-134 63
-135 64
-135 66
-136 67
-136 68
-137 69
-137 70
-138 71
-138 73
-139 74
-139 75
-140 76
-140 77
-141 78
-141 79
-142 80
-142 82
-143 83
-143 84
-146 87
-146 89
-147 90
-147 92
-148 93
-148 94
-149 95
-149 96
-150 97
-150 98
-151 99
-151 100
-152 101
-152 102
-164 114
-166 114
-169 117
-174 117
-175 118
-175 119
-176 120
-176 122
-177 123
-179 123
-181 125
-181 126
-183 128
-183 131
-184 132
-184 133
-186 135
-186 136
-187 137
-187 138
-189 140
-189 141
-191 143
-191 144
-193 146
-193 147
-194 148
-194 149
-196 151
-196 152
-197 153
-197 155
-198 156
-198 157
-199 158
-199 159
-200 160
-200 161
-201 162
-201 164
-202 165
-202 166
-203 167
-203 168
-207 172
-207 173
-209 175
-209 176
-210 177
-210 178
-211 179
-212 179
-216 183
-216 184
-218 186
-218 187
-219 188
-219 189
-223 193
-223 194
-225 196
-225 197
-227 199
-228 199
-234 205
-234 206
-237 209
-237 210
-238 211
-238 214
-242 218
-242 219
-244 221
-245 221
-246 222
-246 223
-248 225
-248 232
-247 233
-247 234
-246 235
-244 235
-243 236
-219 236
-218 235
-216 235
-215 234
-214 234
-209 229
-208 229
-207 228
-204 228
-204 223
-203 222
-203 221
-201 219
-201 218
-200 217
-200 213
-199 212
-199 209
-198 208
-198 206
-197 205
-197 204
-196 203
-195 203
-194 202
-193 202
-190 199
-190 198
-189 197
-189 196
-188 195
-187 195
-183 191
-183 190
-170 177
-170 176
-151 157
-150 157
-149 156
-148 156
-146 154
-146 153
-145 152
-145 150
-141 146
-141 141
-140 140
-140 139
-137 136
-136 136
-133 133
-132 133
-117 118
-117 117
-110 110
-110 107
-108 105
-108 104
-103 99
-103 98
-97 92
-97 91
-79 73
-78 73
-74 69
-73 69
-71 67
-68 67
-67 66
-65 66
-64 65
-57 65
-56 66
-53 66
-52 67
-48 67
-47 68
-44 68
-43 69
-41 69
-40 70
-39 70
-38 71
-37 71
-36 72
-35 72
-34 73
-33 73
-32 74
-31 74
-30 75
-28 75
-27 76
-26 76
-25 77
-24 77
-23 78
-21 78
-20 79
-19 79
-18 80
-17 80
-16 81
-14 81
-13 82
-12 82
-11 83
-10 83
-9 84
-7 84
-6 85
-5 85
-4 86
-3 86
-2 87
0 87
1 88
3 88
4 89
6 89
7 90
10 90
11 91
11 92
12 92
13 93
14 93
15 94
17 94
18 95
19 95
20 96
20 101
18 103
18 104
17 105
17 106
16 107
16 111
15 112
15 113
14 114
14 120
15 121
15 123
16 124
16 125
17 126
17 128
18 129
18 132
19 133
19 137
20 138
20 142
21 143
21 147
22 148
22 152
23 153
23 157
24 158
24 165
25 166
25 170
26 171
26 173
25 174
25 177
26 178
26 182
25 183
25 185
24 186
24 187
23 188
23 191
22 192
19 192
18 191
15 191
14 190
12 190
11 189
9 189
9 190
10 191
10 192
11 193
12 193
13 194
14 194
15 195
16 195
17 196
18 196
19 197
20 197
22 199
22 201
23 202
23 210
25 212
27 212
28 213
33 213
34 214
45 214
46 215
59 215
60 216
64 216
65 217
70 217
71 218
94 218
95 217
99 217
100 216
101 216
104 213
104 212
105 211
105 207
103 205
102 205
101 204
100 204
99 203
96 203
95 202
93 202
92 201
90 201
89 200
87 200
86 199
84 199
83 198
82 198
81 197
80 197
78 195
77 195
74 192
73 192
70 189
69 189
68 188
68 187
61 180
61 178
60 177
60 176
58 174
58 172
57 171
57 163
58 162
58 161
57 160
57 138
58 137
58 130
59 129
59 128
61 126
61 120
59 118
60 117
60 116
61 115
61 112
59 110
59 107
60 106
60 105
61 104
61 103
62 102
62 100
63 99
63 97
62 96
62 93
61 92
61 85
60 84
60 83
58 81
58 80
56 78
56 77
52 73
52 72
48 68
48 67
45 64
45 63
44 62
43 62
42 61
41 61
33 53
33 52
29 48
29 47
28 46
27 46
20 39
19 39
12 32
11 32
3 24
2 24
0 22
-1 22
-3 20
-4 20
-7 17
-6 16
-5 16
-4 17
1 17
5 21
6 21
8 19
11 22
11 23
12 23
12 19
13 18
15 18
21 12
25 16
26 16
30 20
31 20
34 23
35 23
39 27
40 27
41 28
43 28
43 26
42 25
41 25
34 18
33 18
27 12
28 11
29 11
30 12
33 12
34 13
37 13
38 14
41 14
42 15
45 15
46 16
49 16
50 17
54 17
55 18
58 18
59 19
62 19
63 20
66 20
67 21
70 21
71 22
73 22
74 23
77 23
78 24
81 24
82 25
85 25
86 26
89 26
90 27
93 27
94 28
97 28
98 29
101 29
102 30
105 30
106 31
109 31
110 32
113 32
114 33
117 33
118 34
121 34
122 35
125 35
126 36
129 36
130 37
133 37
134 38
136 38
137 39
140 39
141 40
144 40
145 41
148 41
149 42
152 42
153 43
156 43
157 44
160 44
161 45
164 45
165 46
168 46
169 47
172 47
173 48
176 48
177 49
180 49
181 50
184 50
185 51
188 51
189 52
192 52
193 53
196 53
197 54
199 54
200 55
203 55
204 56
207 56
208 57
211 57
212 58
215 58
216 59
219 59
220 60
223 60
224 61
227 61
228 62
231 62
232 63
235 63
236 64
239 64
240 65
243 65
244 66
247 66
248 67
257 67
257 66
255 64
253 64
252 63
249 63
248 62
246 62
245 61
242 61
241 60
239 60
238 59
235 59
234 58
231 58
230 57
228 57
227 56
224 56
223 55
221 55
220 54
217 54
216 53
213 53
212 52
210 52
209 51
206 51
205 50
203 50
202 49
199 49
198 48
195 48
194 47
192 47
191 46
188 46
187 45
185 45
184 44
181 44
180 43
177 43
176 42
174 42
173 41
170 41
169 40
167 40
166 39
163 39
162 38
159 38
158 37
156 37
155 36
152 36
151 35
148 35
147 34
145 34
144 33
141 33
140 32
138 32
137 31
134 31
133 30
130 30
129 29
127 29
126 28
123 28
122 27
120 27
119 26
116 26
115 25
112 25
111 24
109 24
108 23
105 23
104 22
101 22
100 21
98 21
97 20
94 20
93 19
90 19
89 18
87 18
86 17
83 17
82 16
80 16
79 15
76 15
75 14
72 14
71 13
69 13
68 12
65 12
64 11
61 11
60 10
58 10
57 9
54 9
53 8
51 8
50 7
47 7
46 6
43 6
42 5
40 5
39 4
36 4
35 3
32 3
31 2
29 2
28 1
28 0
29 -1
32 -1
33 -2
36 -2
37 -3
40 -3
41 -4
44 -4
45 -5
46 -5
47 -6
46 -7
40 -7
39 -6
35 -6
34 -5
30 -5
29 -4
23 -4
22 -5
22 -6
18 -10
16 -10
14 -8
13 -9
12 -9
11 -8
9 -8
8 -9
6 -9
5 -8
4 -8
3 -9
1 -9
0 -10
0 -13
-2 -15
-2 -16
-3 -17
-3 -20
-2 -21
-2 -23
-1 -24
-1 -26
0 -27
0 -28
1 -29
1 -30
5 -34
5 -35
6 -36
6 -39
7 -40
7 -41
6 -42
6 -44
5 -45
5 -46
4 -47
4 -55
5 -56
5 -60
3 -62
3 -70
2 -71
2 -74
1 -75
1 -76
0 -77
0 -83
-1 -84
-1 -86
-4 -89
-4 -90
-5 -91
-5 -93
-6 -94
-6 -95
-7 -96
-7 -97
-8 -98
-8 -99
-9 -100
-9 -102
-10 -103
-9 -104
-9 -108
-11 -110
-11 -120
-12 -121
-12 -125
-15 -128
-15 -129
-17 -131
-18 -131
-19 -132
-20 -132
-21 -133
-22 -133
-23 -134
-24 -134
-26 -136
-27 -136
-28 -137
-29 -137
-31 -139
-31 -151
-30 -152
-30 -156
-29 -157
-29 -158
-28 -159
-28 -160
-27 -161
-27 -163
-29 -165
-29 -168
-28 -169
-28 -179
-29 -180
-29 -181
-30 -182
-30 -183
-32 -185
-32 -187
-33 -188
-33 -189
-35 -191
-36 -191
-37 -192
-38 -192
-39 -193
-40 -193
-41 -194
-43 -194
-44 -195
-56 -195
-57 -194
-59 -194
-61 -192
-62 -192
-63 -191
-64 -191
-69 -186
-69 -185
-70 -184
-70 -183
-72 -181
-72 -180
-73 -179
-73 -171
-72 -170
-73 -169
-73 -168
-75 -166
-75 -160
-76 -159
-77 -159
-80 -156
-80 -155
-81 -154
-81 -153
-82 -152
-82 -151
-83 -150
-83 -149
-84 -148
-84 -147
-85 -146
-85 -145
-86 -144
-86 -143
-88 -141
-90 -141
-90 -140
-89 -140
-88 -139
-86 -139
-85 -138
-88 -135
-91 -135
-92 -134
-96 -134
-97 -133
-98 -133
-99 -132
-100 -132
-103 -129
-103 -128
-105 -126
-105 -125
-106 -124
-107 -125
-107 -131
-108 -132
-108 -137
-109 -138
-109 -144
-110 -145
-110 -151
-109 -152
-109 -153
-105 -157
-105 -158
-101 -162
-101 -163
-99 -165
-98 -165
-98 -166
-100 -168
-103 -168
-103 -167
-106 -164
-106 -163
-112 -157
-112 -156
-114 -154
-115 -155
-115 -158
-116 -159
-116 -165
-117 -166
-117 -169
-118 -170
-118 -174
-119 -175
-119 -178
-120 -179
-120 -183
-121 -184
-121 -188
-122 -189
-122 -194
-123 -195
-123 -197
-121 -199
-120 -199
-120 -200
-119 -201
-119 -202
-121 -204
